[[0.49556, 2.81757, 1.52045, 0.08543],
[0.49954, 2.68693, 1.48722, 0.08788],
[0.51416, 2.55673, 1.45727, 0.08991],
[0.53928, 2.42826, 1.43586, 0.09117],
[0.57476, 2.3028, 1.42785, 0.09132],
[0.62042, 2.18155, 1.42785, 0.09074],
[0.67604, 2.06569, 1.42785, 0.09001],
[0.74138, 1.95626, 1.42785, 0.08926],
[0.8161, 1.8542, 1.42785, 0.08859],
[0.8998, 1.76025, 1.42785, 0.08812],
[0.99199, 1.67498, 1.43755, 0.08736],
[1.0921, 1.59871, 1.46888, 0.08568],
[1.19946, 1.53149, 1.52569, 0.08302],
[1.31334, 1.47311, 1.61264, 0.07935],
[1.43293, 1.42309, 1.7375, 0.07461],
[1.55739, 1.38069, 1.91434, 0.06869],
[1.68585, 1.34489, 2.13598, 0.06243],
[1.81751, 1.31465, 2.32859, 0.05801],
[1.95186, 1.28931, 2.49514, 0.0548],
[2.08839, 1.26804, 2.44024, 0.05662],
[2.2267, 1.24247, 2.44024, 0.05764],
[2.36369, 1.213, 2.44024, 0.05742],
[2.49922, 1.17932, 2.44024, 0.05723],
[2.63326, 1.14139, 2.44024, 0.05709],
[2.76565, 1.09886, 2.44024, 0.05698],
[2.89631, 1.05157, 2.47208, 0.05621],
[3.02525, 0.99962, 2.6082, 0.0533],
[3.15262, 0.9435, 2.78426, 0.04999],
[3.27871, 0.88396, 2.40775, 0.05791],
[3.40383, 0.82189, 2.16239, 0.06459],
[3.52833, 0.75818, 1.95529, 0.07152],
[3.64912, 0.69755, 1.80893, 0.07471],
[3.77024, 0.63943, 1.70992, 0.07857],
[3.89183, 0.58507, 1.64832, 0.08081],
[4.01403, 0.53561, 1.61668, 0.08154],
[4.1369, 0.49204, 1.61015, 0.08097],
[4.26054, 0.45548, 1.61015, 0.08007],
[4.38496, 0.42685, 1.61015, 0.07929],
[4.51013, 0.4069, 1.61015, 0.07872],
[4.63597, 0.39617, 1.61015, 0.07844],
[4.76232, 0.39499, 1.61015, 0.07848],
[4.88898, 0.40351, 1.62521, 0.07811],
[5.0157, 0.42173, 1.65891, 0.07718],
[5.1422, 0.4495, 1.70854, 0.0758],
[5.26814, 0.48654, 1.77156, 0.0741],
[5.39321, 0.53249, 1.84565, 0.07219],
[5.51707, 0.58688, 1.92875, 0.07013],
[5.63939, 0.6492, 2.01911, 0.06799],
[5.7599, 0.71889, 2.11528, 0.06581],
[5.87834, 0.79536, 2.21607, 0.06362],
[5.9945, 0.87804, 2.32045, 0.06144],
[6.10822, 0.96634, 2.42746, 0.05931],
[6.21939, 1.05972, 2.5361, 0.05725],
[6.32793, 1.15767, 2.64521, 0.05527],
[6.4338, 1.2597, 2.75348, 0.0534],
[6.53699, 1.36541, 2.85934, 0.05166],
[6.63752, 1.4744, 2.9611, 0.05007],
[6.73541, 1.58634, 3.05693, 0.04865],
[6.8307, 1.70096, 3.14499, 0.04739],
[6.92342, 1.81801, 3.22349, 0.04632],
[7.0136, 1.93728, 3.29078, 0.04544],
[7.10127, 2.05859, 3.34536, 0.04474],
[7.18644, 2.18179, 3.34143, 0.04482],
[7.26911, 2.30678, 3.27808, 0.04571],
[7.34925, 2.43343, 3.19636, 0.04689],
[7.42684, 2.56166, 3.09736, 0.04839],
[7.50181, 2.6914, 2.98293, 0.05023],
[7.57408, 2.82258, 2.8557, 0.05245],
[7.64351, 2.95514, 2.71886, 0.05504],
[7.70996, 3.08901, 2.57591, 0.05802],
[7.77321, 3.22413, 2.43033, 0.06139],
[7.83301, 3.36041, 2.28538, 0.06512],
[7.88903, 3.49775, 2.14391, 0.06919],
[7.94091, 3.63602, 2.00837, 0.07353],
[7.98817, 3.77504, 1.88083, 0.07807],
[8.03031, 3.9146, 1.76311, 0.08268],
[8.0667, 4.0544, 1.65687, 0.08719],
[8.09671, 4.19409, 1.56365, 0.09137],
[8.11963, 4.33322, 1.48497, 0.09496],
[8.13473, 4.47127, 1.42221, 0.09765],
[8.14127, 4.60763, 1.37652, 0.09917],
[8.13856, 4.7416, 1.34875, 0.09935],
[8.12597, 4.87243, 1.33921, 0.09814],
[8.10297, 4.9993, 1.33921, 0.09628],
[8.06916, 5.12137, 1.33921, 0.09459],
[8.02432, 5.23783, 1.33921, 0.09318],
[7.9684, 5.34787, 1.33921, 0.09217],
[7.90154, 5.45077, 1.33921, 0.09163],
[7.82409, 5.5459, 1.34764, 0.09103],
[7.73655, 5.63272, 1.37309, 0.08979],
[7.63962, 5.71084, 1.41392, 0.08805],
[7.5341, 5.78, 1.46781, 0.08595],
[7.42089, 5.84005, 1.53186, 0.08365],
[7.30097, 5.89095, 1.60258, 0.08129],
[7.17534, 5.93276, 1.67603, 0.079],
[7.045, 5.96561, 1.74792, 0.0769],
[6.91093, 5.98967, 1.81387, 0.07509],
[6.77408, 6.0051, 1.86978, 0.07365],
[6.63535, 6.0121, 1.91236, 0.07264],
[6.49559, 6.01079, 1.90083, 0.07353],
[6.35561, 6.00131, 1.88758, 0.07433],
[6.21617, 5.98373, 1.88523, 0.07455],
[6.07796, 5.95811, 1.88523, 0.07456],
[5.94166, 5.92448, 1.88523, 0.07447],
[5.80788, 5.88287, 1.88523, 0.07432],
[5.67717, 5.83333, 1.88523, 0.07415],
[5.54997, 5.77598, 1.88523, 0.07401],
[5.42667, 5.71098, 1.89957, 0.07337],
[5.3075, 5.63864, 1.93677, 0.07198],
[5.19256, 5.55935, 2.00399, 0.06968],
[5.08179, 5.47366, 2.11131, 0.06633],
[4.97495, 5.38226, 2.27665, 0.06176],
[4.87164, 5.28596, 2.3315, 0.06057],
[4.77154, 5.18543, 2.16604, 0.0655],
[4.67443, 5.08115, 2.03811, 0.06992],
[4.58036, 4.97331, 1.93262, 0.07405],
[4.49034, 4.86342, 1.82037, 0.07804],
[4.39817, 4.75865, 1.73507, 0.08042],
[4.30321, 4.65904, 1.67612, 0.08211],
[4.20499, 4.565, 1.6455, 0.08264],
[4.1032, 4.47704, 1.64494, 0.08178],
[3.99764, 4.3957, 1.64494, 0.08101],
[3.88808, 4.32174, 1.64494, 0.08036],
[3.77439, 4.25586, 1.64494, 0.07988],
[3.65656, 4.19865, 1.64494, 0.07963],
[3.53471, 4.1505, 1.64494, 0.07965],
[3.40905, 4.1116, 1.67584, 0.07849],
[3.27994, 4.08183, 1.74061, 0.07612],
[3.14778, 4.06081, 1.84424, 0.07256],
[3.01305, 4.04786, 1.99693, 0.06778],
[2.87623, 4.04207, 2.22, 0.06169],
[2.73777, 4.04227, 2.5623, 0.05404],
[2.59814, 4.04711, 2.2324, 0.06258],
[2.45771, 4.05533, 1.99307, 0.07058],
[2.31676, 4.0658, 1.79212, 0.07887],
[2.17709, 4.07491, 1.6421, 0.08524],
[2.03837, 4.08098, 1.52608, 0.09099],
[1.9011, 4.08267, 1.43622, 0.09558],
[1.7659, 4.07856, 1.3703, 0.09871],
[1.63341, 4.06749, 1.32697, 0.10019],
[1.50438, 4.04831, 1.30427, 0.10001],
[1.37964, 4.02007, 1.3, 0.09838],
[1.26005, 3.98205, 1.3, 0.09653],
[1.14652, 3.93373, 1.3, 0.09491],
[1.03994, 3.87487, 1.3, 0.09365],
[0.94119, 3.80548, 1.3, 0.09284],
[0.85103, 3.72586, 1.3, 0.09253],
[0.77016, 3.63652, 1.31183, 0.09186],
[0.69913, 3.53819, 1.33716, 0.09071],
[0.63837, 3.43178, 1.37295, 0.08925],
[0.58821, 3.31831, 1.41566, 0.08764],
[0.54882, 3.19893, 1.46124, 0.08603],
[0.52031, 3.07483, 1.5053, 0.08459],
[0.50269, 2.94727, 1.54662, 0.08326]]